#cluster	node_ID	child_1	child_2	IC	IC_child_1	IC_child_2	Sites	Sites_child_1	Sites_child_2
cluster_1	25	22	24	9.66	10.98	11.47	12896	7534	5362
cluster_1	22	17	20	10.98	11.85	10.97	7534	116	7418
cluster_1	20	a.t_motifs_m227_AT2G36270	16	10.97	11.61	10.84	7418	595	6823
cluster_1	16	12	15	10.84	10.73	11.67	6823	2936	3887
cluster_1	12	a.t_motifs_m368_AT3G56850	11	10.73	11.66	10.62	2936	598	2338
cluster_1	11	a.t_motifs_m292_AT3G10800	10	10.62	9.97	10.98	2338	548	1790
cluster_1	10	a.t_motifs_m224_AT2G35530	8	10.98	11.38	10.88	1790	594	1196
cluster_1	8	a.t_motifs_m258_AT2G46270	a.t_motifs_m68_AT1G32150	10.88	11.51	10.39	1196	596	600
cluster_1	15	a.t_motifs_m182_AT2G04038	13	11.67	12.63	11.55	3887	453	3434
cluster_1	13	a.t_motifs_m501_AT5G11260	7	11.55	10.89	12.00	3434	567	2867
cluster_1	7	4	5	12.00	12.36	11.68	2867	1717	1150
cluster_1	5	a.t_motifs_m189_AT2G18160	a.t_motifs_m511_AT5G15830	11.68	12.04	11.38	1150	576	574
cluster_1	4	a.t_motifs_m154_AT1G75390	1	12.36	12.59	12.33	1717	528	1189
cluster_1	1	a.t_motifs_m384_AT3G62420	a.t_motifs_m453_AT4G34590	12.33	12.33	12.33	1189	598	591
cluster_1	17	a.t_motifs_m537_AT5G28770	6	11.85	7.97	13.68	116	21	95
cluster_1	6	a.t_motifs_m341_AT3G30530	a.t_motifs_m540_AT5G38800	13.68	13.92	13.48	95	67	28
cluster_1	24	21	23	11.47	10.55	11.71	5362	1212	4150
cluster_1	23	a.t_motifs_m487_AT5G06950	19	11.71	12.08	11.53	4150	599	3551
cluster_1	19	a.t_motifs_m163_AT1G77920	14	11.53	11.79	11.60	3551	597	2954
cluster_1	14	2	9	11.60	11.94	11.38	2954	1186	1768
cluster_1	2	a.t_motifs_m47_AT1G22070	a.t_motifs_m488_AT5G06960	11.94	11.82	12.11	1186	598	588
cluster_1	9	a.t_motifs_m486_AT5G06839	3	11.38	11.03	11.73	1768	593	1175
cluster_1	3	a.t_motifs_m297_AT3G12250	a.t_motifs_m607_AT5G65210	11.73	11.76	11.76	1175	580	595
cluster_1	21	a.t_motifs_m497_AT5G10030	18	10.55	9.72	11.12	1212	600	612
cluster_1	18	a.t_motifs_m17_AT1G08320	a.t_motifs_m82_AT1G42990	11.12	11.27	8.14	612	592	20
cluster_10	18	8	17	9.50	9.32	8.03	9442	622	8820
cluster_10	17	13	16	8.03	8.00	7.85	8820	3765	5055
cluster_10	16	14	15	7.85	7.46	10.06	5055	3585	1470
cluster_10	15	a.t_motifs_m337_AT3G27785	12	10.06	10.59	9.36	1470	278	1192
cluster_10	12	a.t_motifs_m416_AT4G18770	a.t_motifs_m583_AT5G58850	9.36	9.48	8.65	1192	594	598
cluster_10	14	3	10	7.46	7.41	7.34	3585	1786	1799
cluster_10	3	a.t_motifs_m119_AT1G66370	2	7.41	8.14	7.41	1786	586	1200
cluster_10	2	a.t_motifs_m210_AT2G26960	a.t_motifs_m485_AT5G06100	7.41	7.39	7.72	1200	600	600
cluster_10	10	a.t_motifs_m516_AT5G17800	7	7.34	8.85	7.50	1799	600	1199
cluster_10	7	a.t_motifs_m219_AT2G32460	a.t_motifs_m295_AT3G11440	7.50	7.85	7.37	1199	600	599
cluster_10	13	9	11	8.00	8.44	8.08	3765	804	2961
cluster_10	11	5	6	8.08	7.77	9.82	2961	1200	1761
cluster_10	5	a.t_motifs_m203_AT2G23290	a.t_motifs_m356_AT3G50060	7.77	8.25	7.80	1200	600	600
cluster_10	6	a.t_motifs_m473_AT5G02320	1	9.82	10.14	9.59	1761	566	1195
cluster_10	1	a.t_motifs_m447_AT4G32730	a.t_motifs_m502_AT5G11510	9.59	9.51	9.73	1195	600	595
cluster_10	9	a.t_motifs_m134_AT1G69560	4	8.44	9.96	7.77	804	95	709
cluster_10	4	a.t_motifs_m34_AT1G17950	a.t_motifs_m464_AT4G37260	7.77	8.76	7.93	709	109	600
cluster_10	8	a.t_motifs_m283_AT3G09230	a.t_motifs_m617_AT5G67300	9.32	9.14	10.64	622	144	478
cluster_11	49	47	48	10.11	10.96	8.24	28318	25293	3025
cluster_11	47	a.t_motifs_m211_AT2G27300	46	10.96	10.60	11.07	25293	591	24702
cluster_11	46	41	45	11.07	9.12	11.14	24702	1778	22924
cluster_11	41	a.t_motifs_m176_AT2G02450	15	9.12	8.73	11.02	1778	598	1180
cluster_11	15	a.t_motifs_m576_AT5G53950	a.t_motifs_m76_AT1G34190	11.02	10.71	12.29	1180	583	597
cluster_11	45	42	43	11.14	11.07	9.85	22924	8054	14870
cluster_11	43	37	40	9.85	10.50	9.80	14870	2382	12488
cluster_11	40	a.t_motifs_m263_AT2G46770	39	9.80	9.79	9.94	12488	596	11892
cluster_11	39	32	35	9.94	10.46	8.33	11892	6520	5372
cluster_11	35	a.t_motifs_m188_AT2G18060	31	8.33	7.61	8.39	5372	597	4775
cluster_11	31	18	19	8.39	8.87	8.82	4775	2387	2388
cluster_11	19	a.t_motifs_m412_AT4G17980	3	8.82	9.46	9.01	2388	594	1794
cluster_11	3	a.t_motifs_m60_AT1G28470	2	9.01	9.19	9.03	1794	598	1196
cluster_11	2	a.t_motifs_m437_AT4G28500	a.t_motifs_m439_AT4G29230	9.03	8.63	9.60	1196	597	599
cluster_11	18	5	11	8.87	9.02	9.46	2387	1200	1187
cluster_11	11	a.t_motifs_m542_AT5G39610	a.t_motifs_m75_AT1G34180	9.46	9.71	9.86	1187	590	597
cluster_11	5	a.t_motifs_m24_AT1G12260	a.t_motifs_m456_AT4G36160	9.02	9.22	8.98	1200	600	600
cluster_11	32	24	27	10.46	12.98	9.89	6520	1197	5323
cluster_11	24	a.t_motifs_m290_AT3G10500	a.t_motifs_m310_AT3G15510	12.98	12.90	12.80	1197	598	599
cluster_11	27	8	20	9.89	10.54	10.06	5323	1185	4138
cluster_11	20	a.t_motifs_m39_AT1G19040	14	10.06	11.38	10.09	4138	581	3557
cluster_11	14	10	12	10.09	10.41	10.22	3557	1786	1771
cluster_11	12	a.t_motifs_m73_AT1G32870	6	10.22	11.33	10.12	1771	599	1172
cluster_11	6	a.t_motifs_m275_AT3G03200	a.t_motifs_m306_AT3G15170	10.12	10.26	10.28	1172	595	577
cluster_11	10	a.t_motifs_m288_AT3G10480	9	10.41	11.74	10.07	1786	599	1187
cluster_11	9	a.t_motifs_m118_AT1G65910	a.t_motifs_m314_AT3G18400	10.07	10.07	10.48	1187	596	591
cluster_11	8	a.t_motifs_m556_AT5G46590	a.t_motifs_m611_AT5G66300	10.54	10.82	10.65	1185	597	588
cluster_11	37	21	22	10.50	9.68	10.89	2382	1185	1197
cluster_11	22	a.t_motifs_m392_AT4G01540	a.t_motifs_m6_AT1G02230	10.89	10.75	11.04	1197	599	598
cluster_11	21	a.t_motifs_m353_AT3G49530	a.t_motifs_m393_AT4G01550	9.68	10.66	9.89	1185	598	587
cluster_11	42	36	38	11.07	11.36	11.88	8054	6864	1190
cluster_11	36	33	34	11.36	11.51	11.29	6864	2941	3923
cluster_11	34	13	28	11.29	11.57	12.01	3923	2398	1525
cluster_11	13	a.t_motifs_m108_AT1G54330	4	11.57	12.77	11.52	2398	600	1798
cluster_11	4	a.t_motifs_m598_AT5G62380	1	11.52	11.69	11.56	1798	599	1199
cluster_11	1	a.t_motifs_m167_AT1G79580	a.t_motifs_m399_AT4G10350	11.56	11.40	11.82	1199	600	599
cluster_11	28	17	23	12.01	12.33	12.44	1525	1137	388
cluster_11	17	a.t_motifs_m278_AT3G04060	a.t_motifs_m491_AT5G07680	12.33	12.36	12.16	1137	576	561
cluster_11	23	a.t_motifs_m289_AT3G10490	a.t_motifs_m70_AT1G32510	12.44	11.58	13.75	388	160	228
cluster_11	33	a.t_motifs_m156_AT1G76420	26	11.51	10.92	11.33	2941	569	2372
cluster_11	26	a.t_motifs_m313_AT3G17730	16	11.33	10.06	11.24	2372	600	1772
cluster_11	16	a.t_motifs_m207_AT2G24430	7	11.24	9.93	11.67	1772	600	1172
cluster_11	7	a.t_motifs_m505_AT5G13180	a.t_motifs_m518_AT5G18270	11.67	11.48	12.22	1172	597	575
cluster_11	38	a.t_motifs_m603_AT5G64060	a.t_motifs_m7_AT1G02250	11.88	13.10	11.88	1190	600	590
cluster_11	48	30	44	8.24	9.42	9.17	3025	1248	1777
cluster_11	30	a.t_motifs_m246_AT2G43000	25	9.42	9.11	9.24	1248	600	648
cluster_11	25	a.t_motifs_m301_AT3G12910	a.t_motifs_m545_AT5G39820	9.24	9.73	9.35	648	97	551
cluster_11	44	a.t_motifs_m4_AT1G01720	29	9.17	7.70	8.81	1777	595	1182
cluster_11	29	a.t_motifs_m102_AT1G52880	a.t_motifs_m309_AT3G15500	8.81	8.60	8.96	1182	588	594
cluster_12	14	8	13	8.50	9.86	8.71	4072	167	3905
cluster_12	13	11	12	8.71	8.44	9.07	3905	3433	472
cluster_12	12	a.t_motifs_m54_AT1G27360	a.t_motifs_m5_AT1G02065	9.07	7.99	8.83	472	442	30
cluster_12	11	7	10	8.44	8.53	8.00	3433	3194	239
cluster_12	10	3	9	8.00	8.09	6.90	239	179	63
cluster_12	9	a.t_motifs_m265_AT2G47070	5	6.90	10.19	5.51	63	21	42
cluster_12	5	a.t_motifs_m104_AT1G53160	a.t_motifs_m521_AT5G18830	5.51	6.20	6.00	42	21	21
cluster_12	3	a.t_motifs_m222_AT2G33810	a.t_motifs_m375_AT3G60030	8.09	8.83	5.16	179	158	21
cluster_12	7	a.t_motifs_m371_AT3G57920	6	8.53	10.33	8.30	3194	246	2948
cluster_12	6	2	4	8.30	7.35	9.41	2948	1178	1770
cluster_12	2	a.t_motifs_m242_AT2G42200	a.t_motifs_m568_AT5G50570	7.35	7.03	8.01	1178	600	578
cluster_12	4	a.t_motifs_m45_AT1G20980	1	9.41	8.82	9.69	1770	583	1187
cluster_12	1	a.t_motifs_m308_AT3G15270	a.t_motifs_m558_AT5G46830	9.69	10.30	9.27	1187	598	589
cluster_12	8	a.t_motifs_m212_AT2G28550	a.t_motifs_m365_AT3G54990	9.86	9.72	9.27	167	20	147
cluster_13	2	a.t_motifs_m97_AT1G51140	1	9.66	9.36	9.83	1377	597	780
cluster_13	1	a.t_motifs_m243_AT2G42280	a.t_motifs_m79_AT1G35460	9.83	9.36	10.04	780	185	595
cluster_14	17	15	16	9.94	11.79	8.83	5083	1127	3956
cluster_14	16	2	14	8.83	10.05	8.82	3956	40	3916
cluster_14	14	a.t_motifs_m80_AT1G35560	13	8.82	11.26	8.81	3916	21	3896
cluster_14	13	11	12	8.81	8.81	9.47	3896	3079	817
cluster_14	12	7	9	9.47	5.67	9.87	817	41	776
cluster_14	9	a.t_motifs_m528_AT5G23280	4	9.87	10.76	10.51	776	588	188
cluster_14	4	a.t_motifs_m342_AT3G45150	a.t_motifs_m492_AT5G08070	10.51	10.97	11.05	188	80	108
cluster_14	7	a.t_motifs_m414_AT4G18390	a.t_motifs_m570_AT5G51910	5.67	5.73	6.87	41	20	21
cluster_14	11	6	8	8.81	10.39	9.57	3079	1306	1773
cluster_14	6	a.t_motifs_m64_AT1G30210	3	10.39	10.19	10.59	1306	594	712
cluster_14	3	a.t_motifs_m106_AT1G53230	a.t_motifs_m272_AT3G02150	10.59	10.55	11.74	712	582	130
cluster_14	8	a.t_motifs_m494_AT5G08330	1	9.57	10.29	10.30	1773	598	1175
cluster_14	1	a.t_motifs_m136_AT1G69690	a.t_motifs_m142_AT1G72010	10.30	10.25	10.51	1175	580	595
cluster_14	2	a.t_motifs_m305_AT3G15030	a.t_motifs_m589_AT5G60970	10.05	10.03	10.53	40	20	20
cluster_14	15	a.t_motifs_m122_AT1G67260	10	11.79	12.32	11.29	1127	95	1032
cluster_14	10	a.t_motifs_m256_AT2G45680	5	11.29	13.17	11.28	1032	395	637
cluster_14	5	a.t_motifs_m336_AT3G27010	a.t_motifs_m350_AT3G47620	11.28	11.05	16.57	637	590	47
cluster_15	5	a.t_motifs_m334_AT3G26620	4	7.70	8.20	7.93	3560	588	2972
cluster_15	4	a.t_motifs_m253_AT2G45420	3	7.93	8.09	7.78	2972	600	2372
cluster_15	3	1	2	7.78	8.26	8.98	2372	1173	1199
cluster_15	1	a.t_motifs_m245_AT2G42430	a.t_motifs_m252_AT2G45410	8.26	7.91	8.80	1173	573	600
cluster_15	2	a.t_motifs_m124_AT1G68200	a.t_motifs_m13_AT1G06280	8.98	10.90	7.82	1199	599	600
cluster_16	15	12	14	9.97	10.95	9.42	6832	117	6715
cluster_16	12	a.t_motifs_m120_AT1G66420	a.t_motifs_m230_AT2G38090	10.95	11.89	11.38	117	53	64
cluster_16	14	11	13	9.42	9.42	9.06	6715	6075	640
cluster_16	11	8	10	9.42	9.19	9.16	6075	1778	4297
cluster_16	10	a.t_motifs_m495_AT5G08520	9	9.16	9.76	9.03	4297	598	3699
cluster_16	9	4	7	9.03	10.21	8.83	3699	1191	2508
cluster_16	7	3	5	8.83	9.60	9.06	2508	1339	1169
cluster_16	3	a.t_motifs_m291_AT3G10580	1	9.60	9.69	9.77	1339	140	1199
cluster_16	1	a.t_motifs_m580_AT5G56840	a.t_motifs_m592_AT5G61620	9.77	10.11	9.62	1199	600	599
cluster_16	5	a.t_motifs_m294_AT3G11280	a.t_motifs_m484_AT5G05790	9.06	8.99	9.11	1169	582	587
cluster_16	4	a.t_motifs_m386_AT4G00250	a.t_motifs_m38_AT1G19000	10.21	9.95	10.23	1191	592	599
cluster_16	8	a.t_motifs_m91_AT1G49010	2	9.19	8.91	9.30	1778	599	1179
cluster_16	2	a.t_motifs_m562_AT5G47390	a.t_motifs_m584_AT5G58900	9.30	9.59	9.56	1179	599	580
cluster_16	13	a.t_motifs_m481_AT5G04760	6	9.06	7.73	9.10	640	20	620
cluster_16	6	a.t_motifs_m138_AT1G70000	a.t_motifs_m150_AT1G74840	9.10	8.04	9.15	620	20	600
cluster_17	5	a.t_motifs_m143_AT1G72050	4	19.45	11.89	23.54	1924	600	1324
cluster_17	4	a.t_motifs_m566_AT5G49300	3	23.54	24.94	16.79	1324	48	1276
cluster_17	3	1	2	16.79	16.80	14.82	1276	543	733
cluster_17	2	a.t_motifs_m318_AT3G21175	a.t_motifs_m328_AT3G24050	14.82	17.29	9.95	733	509	224
cluster_17	1	a.t_motifs_m281_AT3G06740	a.t_motifs_m99_AT1G51600	16.80	16.53	18.20	543	342	201
cluster_18	41	39	40	8.14	8.67	7.83	17436	12365	5071
cluster_18	40	33	36	7.83	8.88	8.38	5071	1851	3220
cluster_18	33	7	27	8.88	8.48	9.08	1851	1087	764
cluster_18	27	a.t_motifs_m166_AT1G79180	a.t_motifs_m37_AT1G18960	9.08	10.05	9.29	764	593	171
cluster_18	7	a.t_motifs_m326_AT3G23250	a.t_motifs_m36_AT1G18570	8.48	8.40	9.12	1087	534	553
cluster_18	36	21	31	8.38	9.12	8.48	3220	1188	2032
cluster_18	21	a.t_motifs_m149_AT1G74650	a.t_motifs_m599_AT5G62470	9.12	9.09	9.09	1188	592	596
cluster_18	31	1	19	8.48	9.39	8.05	2032	1009	1023
cluster_18	1	a.t_motifs_m18_AT1G08810	a.t_motifs_m349_AT3G47600	9.39	9.54	9.47	1009	442	567
cluster_18	19	a.t_motifs_m338_AT3G28910	a.t_motifs_m394_AT4G01680	8.05	8.42	8.82	1023	594	429
cluster_18	39	30	38	8.67	10.20	8.74	12365	2465	9900
cluster_18	30	12	25	10.20	11.86	8.73	2465	1193	1272
cluster_18	12	a.t_motifs_m270_AT3G01530	a.t_motifs_m363_AT3G53200	11.86	11.58	12.72	1193	597	596
cluster_18	25	a.t_motifs_m280_AT3G06490	15	8.73	8.52	9.15	1272	592	680
cluster_18	15	a.t_motifs_m125_AT1G68320	a.t_motifs_m51_AT1G25340	9.15	8.94	9.52	680	440	240
cluster_18	38	29	37	8.74	8.68	8.60	9900	1195	8705
cluster_18	37	34	35	8.60	8.80	8.26	8705	7975	730
cluster_18	34	24	32	8.80	7.83	8.82	7975	287	7688
cluster_18	32	22	28	8.82	8.88	8.36	7688	1382	6306
cluster_18	22	a.t_motifs_m273_AT3G02940	16	8.88	8.78	9.07	1382	600	782
cluster_18	16	a.t_motifs_m435_AT4G28110	a.t_motifs_m577_AT5G54230	9.07	9.23	8.98	782	184	598
cluster_18	28	11	23	8.36	8.48	8.39	6306	2918	3388
cluster_18	11	a.t_motifs_m468_AT4G38620	10	8.48	8.10	8.85	2918	572	2346
cluster_18	10	a.t_motifs_m300_AT3G12820	5	8.85	9.51	8.71	2346	585	1761
cluster_18	5	a.t_motifs_m21_AT1G09540	4	8.71	8.40	9.17	1761	595	1166
cluster_18	4	a.t_motifs_m12_AT1G06180	a.t_motifs_m381_AT3G61250	9.17	9.36	9.38	1166	595	571
cluster_18	23	a.t_motifs_m33_AT1G16490	18	8.39	9.05	8.46	3388	600	2788
cluster_18	18	a.t_motifs_m508_AT5G14340	17	8.46	9.23	8.45	2788	237	2551
cluster_18	17	2	14	8.45	8.46	8.58	2551	668	1883
cluster_18	2	a.t_motifs_m512_AT5G16600	a.t_motifs_m597_AT5G62320	8.46	9.63	8.39	668	83	585
cluster_18	14	a.t_motifs_m578_AT5G56110	8	8.58	8.91	8.54	1883	595	1288
cluster_18	8	a.t_motifs_m340_AT3G30210	6	8.54	8.65	9.23	1288	573	715
cluster_18	6	a.t_motifs_m397_AT4G05100	a.t_motifs_m410_AT4G17785	9.23	9.21	9.45	715	130	585
cluster_18	24	a.t_motifs_m499_AT5G10280	20	7.83	7.92	7.99	287	187	101
cluster_18	20	a.t_motifs_m585_AT5G59780	13	7.99	8.23	8.37	101	21	81
cluster_18	13	a.t_motifs_m48_AT1G22640	9	8.37	8.91	8.31	81	21	62
cluster_18	9	a.t_motifs_m267_AT2G47460	3	8.31	9.72	8.17	62	21	41
cluster_18	3	a.t_motifs_m503_AT5G12870	a.t_motifs_m567_AT5G49330	8.17	8.27	8.43	41	21	21
cluster_18	35	a.t_motifs_m354_AT3G49690	26	8.26	12.69	7.05	730	100	630
cluster_18	26	a.t_motifs_m282_AT3G08500	a.t_motifs_m546_AT5G40330	7.05	7.57	8.14	630	423	207
cluster_18	29	a.t_motifs_m298_AT3G12720	a.t_motifs_m78_AT1G34670	8.68	9.11	8.60	1195	599	596
cluster_19	15	13	14	10.93	10.16	11.14	6930	4756	2174
cluster_19	13	8	12	10.16	10.06	9.61	4756	2153	2603
cluster_19	12	4	6	9.61	10.44	8.43	2603	1306	1297
cluster_19	4	a.t_motifs_m369_AT3G57230	2	10.44	11.27	10.54	1306	418	888
cluster_19	2	a.t_motifs_m364_AT3G54340	a.t_motifs_m67_AT1G31140	10.54	9.97	11.50	888	291	597
cluster_19	6	a.t_motifs_m130_AT1G69120	a.t_motifs_m50_AT1G24260	8.43	8.13	8.57	1297	1000	297
cluster_19	8	a.t_motifs_m523_AT5G20240	7	10.06	9.74	10.65	2153	558	1596
cluster_19	7	a.t_motifs_m160_AT1G77080	a.t_motifs_m201_AT2G22540	10.65	11.65	10.99	1596	1001	595
cluster_19	14	10	11	11.14	11.72	0	2174	1963	0
cluster_19	11	a.t_motifs_m373_AT3G58780	3	0	8.25	9.03	0	65	146
cluster_19	3	a.t_motifs_m181_AT2G03710	a.t_motifs_m510_AT5G15800	9.03	9.17	9.72	146	95	51
cluster_19	10	5	9	11.72	11.72	11.81	1963	1089	874
cluster_19	5	a.t_motifs_m379_AT3G61120	1	11.72	14.00	11.31	1089	219	870
cluster_19	1	a.t_motifs_m254_AT2G45650	a.t_motifs_m419_AT4G18960	11.31	13.38	9.57	870	482	388
cluster_19	9	a.t_motifs_m498_AT5G10140	a.t_motifs_m506_AT5G13790	11.81	11.06	12.62	874	275	599
cluster_2	9	a.t_motifs_m27_AT1G13260	8	11.69	9.26	10.83	6334	590	5744
cluster_2	8	a.t_motifs_m264_AT2G46830	7	10.83	9.69	10.92	5744	1000	4744
cluster_2	7	5	6	10.92	10.86	10.71	4744	2948	1796
cluster_2	5	2	4	10.86	10.77	10.87	2948	1160	1788
cluster_2	2	a.t_motifs_m1_AT1G01060	a.t_motifs_m475_AT5G02840	10.77	10.42	11.31	1160	599	561
cluster_2	4	a.t_motifs_m284_AT3G09600	1	10.87	10.76	10.92	1788	593	1195
cluster_2	1	a.t_motifs_m390_AT4G01280	a.t_motifs_m574_AT5G52660	10.92	10.90	10.96	1195	599	596
cluster_2	6	a.t_motifs_m35_AT1G18330	3	10.71	11.61	10.34	1796	597	1199
cluster_2	3	a.t_motifs_m287_AT3G10113	a.t_motifs_m514_AT5G17300	10.34	10.39	10.31	1199	599	600
cluster_20	10	8	9	8.67	10.87	6.89	1793	624	1170
cluster_20	9	a.t_motifs_m387_AT4G00270	7	6.89	7.71	6.96	1170	20	1150
cluster_20	7	a.t_motifs_m235_AT2G40220	6	6.96	6.75	6.76	1150	49	1101
cluster_20	6	4	5	6.76	7.03	7.07	1101	1042	61
cluster_20	5	a.t_motifs_m550_AT5G43410	2	7.07	5.51	8.48	61	21	40
cluster_20	2	a.t_motifs_m11_AT1G06160	a.t_motifs_m58_AT1G28360	8.48	8.31	9.75	40	20	20
cluster_20	4	a.t_motifs_m461_AT4G36900	1	7.03	8.72	6.60	1042	21	1021
cluster_20	1	a.t_motifs_m312_AT3G16770	a.t_motifs_m426_AT4G23750	6.60	6.59	8.12	1021	1000	21
cluster_20	8	a.t_motifs_m524_AT5G22220	3	10.87	5.93	11.10	624	21	603
cluster_20	3	a.t_motifs_m226_AT2G36010	a.t_motifs_m90_AT1G47870	11.10	10.05	12.68	603	580	23
cluster_21	3	a.t_motifs_m351_AT3G48160	2	14.84	16.79	18.15	1245	326	919
cluster_21	2	a.t_motifs_m509_AT5G14960	1	18.15	16.93	20.62	919	576	343
cluster_21	1	a.t_motifs_m440_AT4G30080	a.t_motifs_m450_AT4G33280	20.62	21.91	20.80	343	101	242
cluster_22	5	a.t_motifs_m14_AT1G06850	4	8.96	8.78	9.11	1992	599	1393
cluster_22	4	a.t_motifs_m186_AT2G17180	3	9.11	6.02	9.25	1393	20	1373
cluster_22	3	a.t_motifs_m197_AT2G21230	2	9.25	7.02	9.30	1373	20	1353
cluster_22	2	a.t_motifs_m84_AT1G43700	1	9.30	9.98	9.00	1353	554	799
cluster_22	1	a.t_motifs_m10_AT1G06070	a.t_motifs_m238_AT2G40620	9.00	11.15	8.69	799	202	597
cluster_23	16	14	15	8.79	9.17	8.93	5408	3409	1999
cluster_23	14	11	13	9.17	10.53	9.15	3409	1188	2221
cluster_23	11	a.t_motifs_m152_AT1G75080	a.t_motifs_m553_AT5G45300	10.53	10.66	10.95	1188	588	600
cluster_23	13	a.t_motifs_m423_AT4G21330	12	9.15	13.30	9.15	2221	11	2210
cluster_23	12	4	10	9.15	9.58	9.95	2210	572	1638
cluster_23	4	a.t_motifs_m202_AT2G22750	a.t_motifs_m471_AT5G01380	9.58	10.73	10.09	572	201	371
cluster_23	10	7	8	9.95	9.00	10.72	1638	301	1337
cluster_23	7	a.t_motifs_m327_AT3G23690	5	9.00	9.67	9.21	301	75	226
cluster_23	5	a.t_motifs_m194_AT2G20180	a.t_motifs_m590_AT5G61270	9.21	9.10	10.13	226	114	112
cluster_23	8	a.t_motifs_m541_AT5G38860	3	10.72	11.51	9.83	1337	137	1200
cluster_23	3	a.t_motifs_m493_AT5G08130	1	9.83	9.88	9.89	1200	566	634
cluster_23	1	a.t_motifs_m129_AT1G69010	a.t_motifs_m441_AT4G30980	9.89	9.91	11.36	634	600	34
cluster_23	15	6	9	8.93	8.89	11.92	1999	1360	639
cluster_23	6	a.t_motifs_m323_AT3G23210	2	8.89	8.89	9.21	1360	567	793
cluster_23	2	a.t_motifs_m110_AT1G59640	a.t_motifs_m23_AT1G10120	9.21	8.98	9.88	793	595	198
cluster_23	9	a.t_motifs_m86_AT1G45249	a.t_motifs_m94_AT1G49720	11.92	11.67	12.91	639	595	44
cluster_24	17	15	16	6.99	7.28	8.15	5316	1738	3580
cluster_24	15	11	13	7.28	7.33	8.33	1738	621	1117
cluster_24	11	a.t_motifs_m196_AT2G20570	a.t_motifs_m329_AT3G24120	7.33	7.31	7.18	621	21	600
cluster_24	13	9	10	8.33	8.37	6.34	1117	1076	42
cluster_24	9	2	4	8.37	8.14	7.47	1076	1015	61
cluster_24	4	a.t_motifs_m482_AT5G05090	1	7.47	7.03	7.97	61	21	41
cluster_24	1	a.t_motifs_m123_AT1G67710	a.t_motifs_m404_AT4G16110	7.97	9.13	7.71	41	21	21
cluster_24	2	a.t_motifs_m171_AT2G01760	a.t_motifs_m446_AT4G31920	8.14	8.20	6.65	1015	1000	15
cluster_24	10	a.t_motifs_m347_AT3G46640	a.t_motifs_m581_AT5G58080	6.34	6.70	6.62	42	21	21
cluster_24	16	a.t_motifs_m15_AT1G08000	14	8.15	8.12	8.15	3580	21	3560
cluster_24	14	6	12	8.15	7.62	8.94	3560	802	2758
cluster_24	12	a.t_motifs_m449_AT4G32890	8	8.94	8.33	8.95	2758	21	2737
cluster_24	8	a.t_motifs_m361_AT3G51080	7	8.95	9.86	8.87	2737	417	2320
cluster_24	7	3	5	8.87	8.75	9.02	2320	1135	1185
cluster_24	3	a.t_motifs_m16_AT1G08010	a.t_motifs_m343_AT3G45170	8.75	9.74	8.69	1135	584	551
cluster_24	5	a.t_motifs_m377_AT3G60530	a.t_motifs_m534_AT5G25830	9.02	8.86	9.32	1185	594	591
cluster_24	6	a.t_motifs_m192_AT2G18380	a.t_motifs_m457_AT4G36620	7.62	7.48	8.51	802	600	202
cluster_25	4	1	3	9.33	9.21	8.58	1942	724	1218
cluster_25	1	a.t_motifs_m158_AT1G76880	a.t_motifs_m563_AT5G47660	9.21	9.24	9.40	724	480	244
cluster_25	3	a.t_motifs_m159_AT1G76890	2	8.58	8.53	8.32	1218	598	620
cluster_25	2	a.t_motifs_m536_AT5G28300	a.t_motifs_m74_AT1G33240	8.32	7.81	8.36	620	21	599
cluster_26	5	3	4	7.99	8.09	5.05	2059	2018	41
cluster_26	3	1	2	8.09	8.20	8.74	2018	833	1185
cluster_26	1	a.t_motifs_m319_AT3G22170	a.t_motifs_m496_AT5G09410	8.20	8.31	8.76	833	235	598
cluster_26	2	a.t_motifs_m178_AT2G02820	a.t_motifs_m403_AT4G15090	8.74	8.23	10.38	1185	594	591
cluster_26	4	a.t_motifs_m199_AT2G22300	a.t_motifs_m604_AT5G64220	5.05	6.03	6.09	41	21	21
cluster_27	8	a.t_motifs_m113_AT1G61110	7	7.47	7.84	7.46	1337	20	1317
cluster_27	7	5	6	7.46	7.47	9.85	1317	1277	40
cluster_27	5	a.t_motifs_m480_AT5G04410	4	7.47	6.62	7.55	1277	21	1258
cluster_27	4	a.t_motifs_m279_AT3G04070	3	7.55	7.71	7.43	1258	600	658
cluster_27	3	a.t_motifs_m383_AT3G61910	2	7.43	6.44	7.66	658	21	637
cluster_27	2	a.t_motifs_m141_AT1G71930	1	7.66	7.11	7.71	637	21	617
cluster_27	1	a.t_motifs_m103_AT1G52890	a.t_motifs_m133_AT1G69490	7.71	8.84	7.37	617	21	596
cluster_27	6	a.t_motifs_m244_AT2G42400	a.t_motifs_m72_AT1G32770	9.85	9.90	10.60	40	20	21
cluster_28	5	3	4	11.58	7.67	11.63	1520	40	1481
cluster_28	4	a.t_motifs_m228_AT2G36610	2	11.63	6.21	11.89	1481	21	1460
cluster_28	2	a.t_motifs_m321_AT3G22780	1	11.89	12.27	11.55	1460	264	1196
cluster_28	1	a.t_motifs_m193_AT2G20110	a.t_motifs_m402_AT4G14770	11.55	12.14	12.26	1196	597	599
cluster_28	3	a.t_motifs_m320_AT3G22760	a.t_motifs_m438_AT4G29000	7.67	7.27	8.48	40	20	21
cluster_29	2	a.t_motifs_m469_AT4G38910	1	30.15	37.76	22.29	829	102	727
cluster_29	1	a.t_motifs_m172_AT2G01930	a.t_motifs_m548_AT5G42520	22.29	22.26	21.15	727	539	188
cluster_3	42	a.t_motifs_m183_AT2G04880	41	10.85	10.14	10.86	17540	50	17491
cluster_3	41	5	40	10.86	10.23	10.52	17491	536	16955
cluster_3	40	37	39	10.52	9.66	10.08	16955	860	16095
cluster_3	39	35	38	10.08	10.10	8.15	16095	15955	140
cluster_3	38	a.t_motifs_m266_AT2G47260	36	8.15	9.24	8.08	140	20	122
cluster_3	36	24	30	8.08	7.88	8.09	122	61	61
cluster_3	24	a.t_motifs_m472_AT5G01900	18	7.88	9.12	7.62	61	21	41
cluster_3	18	a.t_motifs_m121_AT1G66600	a.t_motifs_m579_AT5G56270	7.62	8.08	7.47	41	21	20
cluster_3	30	a.t_motifs_m209_AT2G25000	17	8.09	8.63	8.06	61	21	41
cluster_3	17	a.t_motifs_m248_AT2G44745	a.t_motifs_m525_AT5G22570	8.06	7.97	8.48	41	21	20
cluster_3	35	32	34	10.10	9.73	10.38	15955	6871	9084
cluster_3	34	a.t_motifs_m547_AT5G41570	33	10.38	10.59	10.37	9084	600	8484
cluster_3	33	27	29	10.37	10.22	10.38	8484	1182	7302
cluster_3	29	25	26	10.38	10.13	10.69	7302	4278	3024
cluster_3	25	a.t_motifs_m433_AT4G26640	20	10.13	9.22	10.46	4278	600	3678
cluster_3	20	a.t_motifs_m413_AT4G18170	15	10.46	9.30	10.78	3678	598	3080
cluster_3	15	3	12	10.78	11.30	10.56	3080	1199	1881
cluster_3	3	a.t_motifs_m389_AT4G01250	a.t_motifs_m575_AT5G52830	11.30	10.84	11.86	1199	599	600
cluster_3	12	a.t_motifs_m489_AT5G07100	8	10.56	10.54	10.58	1881	84	1797
cluster_3	8	a.t_motifs_m504_AT5G13080	2	10.58	10.01	10.96	1797	600	1197
cluster_3	2	a.t_motifs_m367_AT3G56400	a.t_motifs_m66_AT1G30650	10.96	11.36	10.62	1197	599	598
cluster_3	26	14	21	10.69	11.00	10.36	3024	1824	1200
cluster_3	14	a.t_motifs_m257_AT2G46130	11	11.00	10.19	11.46	1824	506	1318
cluster_3	11	a.t_motifs_m208_AT2G24570	6	11.46	10.90	11.58	1318	127	1191
cluster_3	6	a.t_motifs_m428_AT4G24240	a.t_motifs_m443_AT4G31550	11.58	12.42	10.92	1191	594	597
cluster_3	21	a.t_motifs_m168_AT1G80840	a.t_motifs_m555_AT5G46350	10.36	9.35	11.97	1200	600	600
cluster_3	27	a.t_motifs_m239_AT2G40740	a.t_motifs_m529_AT5G24110	10.22	9.81	10.71	1182	599	583
cluster_3	32	28	31	9.73	10.61	9.47	6871	1341	5530
cluster_3	28	a.t_motifs_m535_AT5G26170	23	10.61	10.79	10.55	1341	568	773
cluster_3	23	a.t_motifs_m198_AT2G21900	a.t_motifs_m271_AT3G01970	10.55	9.03	11.29	773	173	600
cluster_3	31	a.t_motifs_m132_AT1G69310	22	9.47	5.48	9.50	5530	20	5510
cluster_3	22	a.t_motifs_m445_AT4G31800	19	9.50	8.37	9.76	5510	599	4911
cluster_3	19	13	16	9.76	9.89	9.79	4911	730	4181
cluster_3	13	a.t_motifs_m259_AT2G46400	a.t_motifs_m62_AT1G29280	9.89	9.68	10.05	730	130	600
cluster_3	16	9	10	9.79	9.60	10.07	4181	1795	2386
cluster_3	9	a.t_motifs_m214_AT2G30250	1	9.60	9.53	9.68	1795	599	1196
cluster_3	1	a.t_motifs_m179_AT2G03340	a.t_motifs_m233_AT2G38470	9.68	9.71	9.67	1196	598	598
cluster_3	10	4	7	10.07	9.62	10.62	2386	1194	1192
cluster_3	7	a.t_motifs_m216_AT2G30590	a.t_motifs_m63_AT1G29860	10.62	10.82	10.50	1192	594	598
cluster_3	4	a.t_motifs_m204_AT2G23320	a.t_motifs_m425_AT4G23550	9.62	9.51	9.79	1194	600	594
cluster_3	37	a.t_motifs_m395_AT4G01720	a.t_motifs_m396_AT4G04450	9.66	9.24	9.94	860	551	309
cluster_3	5	a.t_motifs_m114_AT1G62300	a.t_motifs_m424_AT4G22070	10.23	10.26	10.29	536	285	251
cluster_30	5	a.t_motifs_m618_AT5G67450	4	5.45	6.96	6.44	2038	596	1442
cluster_30	4	a.t_motifs_m478_AT5G04340	3	6.44	7.80	6.48	1442	21	1422
cluster_30	3	a.t_motifs_m346_AT3G46090	2	6.48	5.62	6.64	1422	21	1401
cluster_30	2	a.t_motifs_m345_AT3G46070	1	6.64	8.48	5.93	1401	202	1199
cluster_30	1	a.t_motifs_m479_AT5G04390	a.t_motifs_m55_AT1G27730	5.93	6.45	6.49	1199	599	600
cluster_31	2	a.t_motifs_m304_AT3G14180	1	9.22	9.51	9.05	1749	598	1151
cluster_31	1	a.t_motifs_m372_AT3G58630	a.t_motifs_m483_AT5G05550	9.05	9.32	8.98	1151	555	596
cluster_32	3	a.t_motifs_m335_AT3G26790	2	8.98	10.24	7.70	927	589	338
cluster_32	2	a.t_motifs_m532_AT5G25475	1	7.70	7.99	7.38	338	218	120
cluster_32	1	a.t_motifs_m331_AT3G24650	a.t_motifs_m57_AT1G28300	7.38	7.13	10.44	120	100	20
cluster_33	3	a.t_motifs_m610_AT5G65510	2	9.41	7.23	9.19	1299	539	760
cluster_33	2	a.t_motifs_m465_AT4G37750	1	9.19	13.38	8.87	760	34	726
cluster_33	1	a.t_motifs_m317_AT3G20840	a.t_motifs_m500_AT5G10510	8.87	10.05	8.05	726	195	531
cluster_34	3	a.t_motifs_m355_AT3G49930	2	8.14	8.24	8.53	546	102	444
cluster_34	2	a.t_motifs_m302_AT3G13040	1	8.53	8.63	9.54	444	157	287
cluster_34	1	a.t_motifs_m19_AT1G09030	a.t_motifs_m241_AT2G41835	9.54	8.33	9.47	287	95	192
cluster_35	3	a.t_motifs_m42_AT1G19790	2	13.17	24.28	9.71	1226	25	1201
cluster_35	2	a.t_motifs_m220_AT2G33550	1	9.71	7.81	11.13	1201	338	863
cluster_35	1	a.t_motifs_m145_AT1G72740	a.t_motifs_m619_AT5G67580	11.13	12.28	10.97	863	291	572
cluster_36	1	a.t_motifs_m185_AT2G15740	a.t_motifs_m527_AT5G22990	7.28	6.79	7.84	1184	600	584
cluster_37	1	a.t_motifs_m378_AT3G60580	a.t_motifs_m455_AT4G35580	9.02	6.48	11.48	1600	600	1000
cluster_38	2	a.t_motifs_m360_AT3G51060	1	8.94	9.26	8.13	411	21	391
cluster_38	1	a.t_motifs_m32_AT1G15720	a.t_motifs_m95_AT1G49950	8.13	8.86	8.33	391	21	370
cluster_39	1	a.t_motifs_m147_AT1G73730	a.t_motifs_m316_AT3G20770	8.85	11.11	8.00	694	94	600
cluster_4	8	4	7	8.50	7.46	9.01	642	271	371
cluster_4	7	a.t_motifs_m444_AT4G31610	6	9.01	8.85	8.82	371	20	351
cluster_4	6	3	5	8.82	8.49	10.12	351	60	291
cluster_4	3	a.t_motifs_m332_AT3G25730	2	8.49	9.33	8.32	60	20	40
cluster_4	2	a.t_motifs_m128_AT1G68840	a.t_motifs_m53_AT1G25560	8.32	8.64	8.13	40	20	20
cluster_4	5	a.t_motifs_m234_AT2G38880	a.t_motifs_m596_AT5G62165	10.12	9.88	8.23	291	145	146
cluster_4	4	a.t_motifs_m582_AT5G58620	1	7.46	8.32	8.04	271	127	144
cluster_4	1	a.t_motifs_m112_AT1G60920	a.t_motifs_m565_AT5G48670	8.04	7.92	8.32	144	90	54
cluster_40	1	a.t_motifs_m29_AT1G13450	a.t_motifs_m333_AT3G25990	12.74	10.43	15.86	515	437	78
cluster_41	1	a.t_motifs_m391_AT4G01500	a.t_motifs_m526_AT5G22890	9.06	7.99	10.15	828	600	228
cluster_5	81	78	80	8.31	8.44	9.55	44445	15393	29053
cluster_5	80	77	79	9.55	9.36	9.50	29053	27338	1715
cluster_5	77	73	76	9.36	9.52	7.56	27338	16405	10933
cluster_5	76	67	71	7.56	8.63	9.04	10933	5771	5162
cluster_5	67	59	61	8.63	9.79	8.71	5771	3468	2303
cluster_5	61	a.t_motifs_m26_AT1G12630	53	8.71	8.98	9.00	2303	600	1703
cluster_5	53	a.t_motifs_m140_AT1G71450	14	9.00	9.58	9.18	1703	568	1135
cluster_5	14	a.t_motifs_m436_AT4G28140	a.t_motifs_m46_AT1G21910	9.18	8.75	10.03	1135	567	568
cluster_5	59	32	43	9.79	11.30	10.03	3468	1152	2316
cluster_5	32	a.t_motifs_m601_AT5G63090	17	11.30	11.34	12.57	1152	573	579
cluster_5	17	a.t_motifs_m237_AT2G40340	a.t_motifs_m531_AT5G25390	12.57	11.69	14.17	579	259	320
cluster_5	43	26	36	10.03	9.82	10.50	2316	1188	1128
cluster_5	36	a.t_motifs_m591_AT5G61600	a.t_motifs_m8_AT1G03800	10.50	10.67	10.37	1128	557	571
cluster_5	26	a.t_motifs_m315_AT3G20310	a.t_motifs_m559_AT5G47220	9.82	9.91	10.61	1188	593	595
cluster_5	71	56	57	9.04	10.27	9.41	5162	1022	4140
cluster_5	57	10	49	9.41	11.38	10.29	4140	1076	3064
cluster_5	10	a.t_motifs_m144_AT1G72360	a.t_motifs_m409_AT4G17490	11.38	11.18	11.92	1076	563	513
cluster_5	49	38	46	10.29	10.49	10.28	3064	1086	1978
cluster_5	46	a.t_motifs_m605_AT5G64750	25	10.28	10.03	10.51	1978	600	1378
cluster_5	25	a.t_motifs_m107_AT1G53910	15	10.51	10.59	11.10	1378	597	781
cluster_5	15	a.t_motifs_m434_AT4G27950	a.t_motifs_m552_AT5G44210	11.10	11.83	11.14	781	226	555
cluster_5	38	a.t_motifs_m507_AT5G13910	a.t_motifs_m530_AT5G25190	10.49	10.51	10.36	1086	490	596
cluster_5	56	a.t_motifs_m117_AT1G65620	a.t_motifs_m215_AT2G30340	10.27	10.58	9.51	1022	439	583
cluster_5	73	70	72	9.52	9.33	9.15	16405	3676	12729
cluster_5	70	58	65	9.33	9.32	9.15	3676	1782	1894
cluster_5	65	a.t_motifs_m615_AT5G67000	45	9.15	8.04	9.34	1894	138	1756
cluster_5	45	a.t_motifs_m452_AT4G34410	22	9.34	9.71	10.12	1756	600	1156
cluster_5	22	a.t_motifs_m249_AT2G44840	a.t_motifs_m569_AT5G51190	10.12	10.11	10.77	1156	570	586
cluster_5	58	a.t_motifs_m490_AT5G07310	30	9.32	9.79	9.38	1782	599	1183
cluster_5	30	a.t_motifs_m49_AT1G22810	a.t_motifs_m519_AT5G18450	9.38	9.70	9.95	1183	596	587
cluster_5	72	a.t_motifs_m370_AT3G57600	62	9.15	10.13	9.12	12729	478	12251
cluster_5	62	47	55	9.12	9.20	9.72	12251	2993	9258
cluster_5	55	40	52	9.72	10.72	9.21	9258	1133	8125
cluster_5	52	a.t_motifs_m522_AT5G19790	48	9.21	8.43	9.58	8125	588	7537
cluster_5	48	a.t_motifs_m105_AT1G53170	41	9.58	9.85	9.54	7537	589	6948
cluster_5	41	18	29	9.54	10.37	9.79	6948	1188	5760
cluster_5	29	11	13	9.79	10.06	9.82	5760	4625	1135
cluster_5	11	a.t_motifs_m560_AT5G47230	9	10.06	10.44	10.07	4625	580	4045
cluster_5	9	a.t_motifs_m126_AT1G68550	8	10.07	10.17	10.09	4045	600	3445
cluster_5	8	a.t_motifs_m520_AT5G18560	5	10.09	10.09	10.12	3445	478	2967
cluster_5	5	3	4	10.12	10.12	10.23	2967	1787	1180
cluster_5	3	a.t_motifs_m56_AT1G28160	1	10.12	10.27	10.10	1787	595	1192
cluster_5	1	a.t_motifs_m59_AT1G28370	a.t_motifs_m96_AT1G50640	10.10	10.13	10.13	1192	596	596
cluster_5	4	a.t_motifs_m221_AT2G33710	a.t_motifs_m83_AT1G43160	10.23	10.31	10.21	1180	583	597
cluster_5	13	a.t_motifs_m155_AT1G75490	a.t_motifs_m606_AT5G65130	9.82	9.69	10.24	1135	557	578
cluster_5	18	a.t_motifs_m307_AT3G15210	a.t_motifs_m324_AT3G23220	10.37	10.76	10.61	1188	597	591
cluster_5	40	a.t_motifs_m218_AT2G31230	a.t_motifs_m415_AT4G18450	10.72	10.29	11.11	1133	596	537
cluster_5	47	a.t_motifs_m407_AT4G16750	20	9.20	8.59	9.33	2993	600	2393
cluster_5	20	a.t_motifs_m225_AT2G35700	12	9.33	9.29	9.60	2393	598	1795
cluster_5	12	a.t_motifs_m85_AT1G44830	6	9.60	10.58	9.32	1795	595	1200
cluster_5	6	a.t_motifs_m357_AT3G50260	a.t_motifs_m616_AT5G67190	9.32	9.34	9.40	1200	600	600
cluster_5	79	a.t_motifs_m325_AT3G23240	21	9.50	11.05	10.03	1715	581	1134
cluster_5	21	a.t_motifs_m162_AT1G77640	a.t_motifs_m442_AT4G31060	10.03	10.34	9.86	1134	541	593
cluster_5	78	74	75	8.44	8.82	7.60	15393	12113	3280
cluster_5	74	63	69	8.82	9.67	8.64	12113	2368	9745
cluster_5	69	34	66	8.64	10.19	8.14	9745	2942	6803
cluster_5	66	44	54	8.14	8.63	8.54	6803	1787	5016
cluster_5	44	a.t_motifs_m88_AT1G46768	16	8.63	9.29	8.62	1787	590	1197
cluster_5	16	a.t_motifs_m40_AT1G19210	a.t_motifs_m81_AT1G36060	8.62	8.68	8.96	1197	599	598
cluster_5	54	35	51	8.54	9.03	8.73	5016	1717	3299
cluster_5	51	31	37	8.73	8.93	8.69	3299	1505	1794
cluster_5	31	a.t_motifs_m572_AT5G52020	19	8.93	8.89	9.59	1505	599	906
cluster_5	19	a.t_motifs_m25_AT1G12610	a.t_motifs_m430_AT4G25470	9.59	10.52	9.52	906	311	595
cluster_5	37	a.t_motifs_m432_AT4G25490	28	8.69	8.62	8.68	1794	600	1194
cluster_5	28	a.t_motifs_m431_AT4G25480	a.t_motifs_m571_AT5G51990	8.68	8.53	8.82	1194	597	597
cluster_5	35	a.t_motifs_m533_AT5G25810	27	9.03	9.25	8.99	1717	596	1121
cluster_5	27	a.t_motifs_m250_AT2G44940	a.t_motifs_m311_AT3G16280	8.99	9.55	8.68	1121	560	561
cluster_5	34	7	24	10.19	9.92	10.60	2942	1779	1163
cluster_5	7	a.t_motifs_m376_AT3G60490	2	9.92	10.68	9.63	1779	585	1194
cluster_5	2	a.t_motifs_m161_AT1G77200	a.t_motifs_m217_AT2G31220	9.63	9.91	9.41	1194	598	596
cluster_5	24	a.t_motifs_m2_AT1G01250	a.t_motifs_m448_AT4G32800	10.60	10.28	11.02	1163	572	591
cluster_5	63	a.t_motifs_m398_AT4G06746	60	9.67	10.48	9.55	2368	593	1775
cluster_5	60	a.t_motifs_m293_AT3G11020	33	9.55	9.49	9.57	1775	581	1194
cluster_5	33	a.t_motifs_m205_AT2G23340	a.t_motifs_m232_AT2G38340	9.57	10.47	9.82	1194	597	597
cluster_5	75	23	68	7.60	6.81	7.68	3280	42	3240
cluster_5	68	a.t_motifs_m223_AT2G33860	64	7.68	8.98	7.60	3240	21	3219
cluster_5	64	39	50	7.60	8.53	6.88	3219	2001	1219
cluster_5	50	a.t_motifs_m594_AT5G62000	42	6.88	6.41	7.55	1219	599	620
cluster_5	42	a.t_motifs_m43_AT1G19850	a.t_motifs_m539_AT5G37020	7.55	7.66	5.49	620	600	20
cluster_5	39	a.t_motifs_m111_AT1G59750	a.t_motifs_m115_AT1G63030	8.53	8.47	9.60	2001	1001	1000
cluster_5	23	a.t_motifs_m151_AT1G74930	a.t_motifs_m164_AT1G78080	6.81	9.52	5.31	42	21	21
cluster_6	31	a.t_motifs_m459_AT4G36740	30	10.20	11.22	9.95	14365	600	13765
cluster_6	30	26	29	9.95	10.80	8.51	13765	3262	10503
cluster_6	26	21	23	10.80	8.65	11.07	3262	2063	1199
cluster_6	21	6	17	8.65	9.05	7.55	2063	1200	863
cluster_6	6	a.t_motifs_m191_AT2G18350	a.t_motifs_m609_AT5G65410	9.05	9.27	9.04	1200	600	600
cluster_6	17	a.t_motifs_m153_AT1G75240	a.t_motifs_m276_AT3G03660	7.55	8.18	9.35	863	600	263
cluster_6	23	a.t_motifs_m339_AT3G28920	a.t_motifs_m544_AT5G39760	11.07	9.51	11.19	1199	600	599
cluster_6	29	a.t_motifs_m454_AT4G35550	28	8.51	8.18	8.52	10503	20	10483
cluster_6	28	2	27	8.52	10.88	7.89	10483	1188	9295
cluster_6	27	8	25	7.89	9.81	8.54	9295	2187	7108
cluster_6	8	a.t_motifs_m146_AT1G73360	4	9.81	9.93	9.89	2187	590	1597
cluster_6	4	a.t_motifs_m573_AT5G52170	1	9.89	9.85	9.96	1597	400	1197
cluster_6	1	a.t_motifs_m380_AT3G61150	a.t_motifs_m388_AT4G00730	9.96	9.82	10.14	1197	599	598
cluster_6	25	22	24	8.54	8.63	8.87	7108	641	6467
cluster_6	24	a.t_motifs_m187_AT2G17950	20	8.87	10.02	8.94	6467	81	6386
cluster_6	20	13	19	8.94	8.83	9.17	6386	770	5616
cluster_6	13	10	12	8.83	7.63	8.95	770	41	730
cluster_6	12	a.t_motifs_m466_AT4G37790	a.t_motifs_m561_AT5G47370	8.95	8.98	9.09	730	132	598
cluster_6	10	a.t_motifs_m382_AT3G61890	a.t_motifs_m408_AT4G17460	7.63	7.27	8.69	41	20	21
cluster_6	19	14	18	9.17	9.61	9.14	5616	1197	4419
cluster_6	18	a.t_motifs_m200_AT2G22430	15	9.14	7.89	9.56	4419	600	3819
cluster_6	15	a.t_motifs_m477_AT5G03790	11	9.56	10.82	9.10	3819	600	3219
cluster_6	11	a.t_motifs_m139_AT1G70920	9	9.10	9.39	9.41	3219	595	2624
cluster_6	9	5	7	9.41	9.11	9.96	2624	1199	1425
cluster_6	7	a.t_motifs_m612_AT5G66700	3	9.96	10.13	9.97	1425	599	826
cluster_6	3	a.t_motifs_m268_AT3G01220	a.t_motifs_m269_AT3G01470	9.97	10.34	9.92	826	230	596
cluster_6	5	a.t_motifs_m137_AT1G69780	a.t_motifs_m608_AT5G65310	9.11	9.17	9.15	1199	600	599
cluster_6	14	a.t_motifs_m177_AT2G02540	a.t_motifs_m262_AT2G46680	9.61	10.14	10.43	1197	597	600
cluster_6	22	a.t_motifs_m251_AT2G45190	16	8.63	5.74	8.06	641	21	620
cluster_6	16	a.t_motifs_m131_AT1G69180	a.t_motifs_m470_AT4G40060	8.06	8.16	9.00	620	600	20
cluster_6	2	a.t_motifs_m101_AT1G52150	a.t_motifs_m65_AT1G30490	10.88	10.93	10.90	1188	590	598
cluster_7	20	12	19	8.11	8.58	8.24	8464	548	7917
cluster_7	19	17	18	8.24	8.84	7.69	7917	3906	4011
cluster_7	18	a.t_motifs_m451_AT4G34000	15	7.69	11.09	7.69	4011	19	3992
cluster_7	15	11	14	7.69	7.97	8.19	3992	3339	653
cluster_7	11	a.t_motifs_m385_AT4G00050	9	7.97	8.83	7.97	3339	20	3319
cluster_7	9	3	7	7.97	8.87	7.76	3319	1019	2300
cluster_7	3	a.t_motifs_m260_AT2G46510	a.t_motifs_m564_AT5G48560	8.87	8.84	11.09	1019	1000	19
cluster_7	7	a.t_motifs_m557_AT5G46760	6	7.76	6.74	7.83	2300	100	2200
cluster_7	6	a.t_motifs_m411_AT4G17880	5	7.83	8.30	7.82	2200	100	2100
cluster_7	5	a.t_motifs_m71_AT1G32640	1	7.82	7.27	7.86	2100	100	2000
cluster_7	1	a.t_motifs_m3_AT1G01260	a.t_motifs_m406_AT4G16430	7.86	8.49	7.35	2000	1000	1000
cluster_7	14	a.t_motifs_m374_AT3G59060	10	8.19	8.95	7.88	653	286	367
cluster_7	10	a.t_motifs_m247_AT2G43010	a.t_motifs_m462_AT4G36930	7.88	8.07	6.59	367	347	20
cluster_7	17	13	16	8.84	11.28	8.82	3906	1020	2886
cluster_7	13	a.t_motifs_m206_AT2G24260	a.t_motifs_m401_AT4G14410	11.28	6.61	11.47	1020	20	1000
cluster_7	16	a.t_motifs_m190_AT2G18300	8	8.82	8.23	10.25	2886	1000	1886
cluster_7	8	a.t_motifs_m41_AT1G19350	4	10.25	9.10	10.42	1886	99	1787
cluster_7	4	a.t_motifs_m418_AT4G18890	2	10.42	10.15	10.64	1787	590	1197
cluster_7	2	a.t_motifs_m165_AT1G78700	a.t_motifs_m460_AT4G36780	10.64	10.55	10.77	1197	598	599
cluster_7	12	a.t_motifs_m20_AT1G09530	a.t_motifs_m458_AT4G36730	8.58	8.89	5.72	548	527	21
cluster_8	39	33	38	9.55	8.87	9.22	21234	5400	15835
cluster_8	33	21	30	8.87	10.29	8.87	5400	1180	4220
cluster_8	30	11	25	8.87	9.20	8.02	4220	1200	3020
cluster_8	25	a.t_motifs_m296_AT3G12130	20	8.02	7.88	7.94	3020	600	2420
cluster_8	20	5	17	7.94	8.28	7.61	2420	1799	621
cluster_8	5	a.t_motifs_m362_AT3G52440	2	8.28	8.24	8.39	1799	599	1200
cluster_8	2	a.t_motifs_m261_AT2G46590	a.t_motifs_m602_AT5G63260	8.39	8.43	8.41	1200	600	600
cluster_8	17	a.t_motifs_m543_AT5G39660	a.t_motifs_m89_AT1G47655	7.61	6.38	7.70	621	21	600
cluster_8	11	a.t_motifs_m229_AT2G37590	a.t_motifs_m588_AT5G60850	9.20	9.65	8.92	1200	600	600
cluster_8	21	a.t_motifs_m421_AT4G21040	a.t_motifs_m422_AT4G21080	10.29	12.40	9.11	1180	580	600
cluster_8	38	36	37	9.22	10.15	10.17	15835	9815	6020
cluster_8	36	a.t_motifs_m587_AT5G60130	34	10.15	11.10	10.30	9815	600	9215
cluster_8	34	31	32	10.30	11.26	11.18	9215	5389	3826
cluster_8	31	22	28	11.26	9.40	11.04	5389	1193	4196
cluster_8	28	a.t_motifs_m135_AT1G69570	23	11.04	12.19	10.23	4196	596	3600
cluster_8	23	15	16	10.23	9.76	10.11	3600	2400	1200
cluster_8	15	7	8	9.76	9.73	9.65	2400	1200	1200
cluster_8	8	a.t_motifs_m116_AT1G64620	a.t_motifs_m348_AT3G47500	9.65	9.81	10.03	1200	600	600
cluster_8	7	a.t_motifs_m600_AT5G62940	a.t_motifs_m61_AT1G29160	9.73	9.97	9.89	1200	600	600
cluster_8	16	a.t_motifs_m344_AT3G45610	a.t_motifs_m366_AT3G55370	10.11	9.51	10.91	1200	600	600
cluster_8	22	a.t_motifs_m100_AT1G51700	a.t_motifs_m420_AT4G21030	9.40	9.51	10.33	1193	595	598
cluster_8	32	18	29	11.18	10.15	12.37	3826	945	2881
cluster_8	29	a.t_motifs_m614_AT5G66940	26	12.37	11.61	11.56	2881	597	2284
cluster_8	26	a.t_motifs_m467_AT4G38000	13	11.56	12.18	9.90	2284	569	1715
cluster_8	13	a.t_motifs_m358_AT3G50410	6	9.90	9.15	10.34	1715	600	1115
cluster_8	6	a.t_motifs_m213_AT2G28810	a.t_motifs_m474_AT5G02460	10.34	10.28	10.91	1115	600	515
cluster_8	18	a.t_motifs_m255_AT2G45660	a.t_motifs_m515_AT5G17430	10.15	10.69	11.58	945	806	139
cluster_8	37	a.t_motifs_m427_AT4G24020	35	10.17	7.66	11.23	6020	595	5425
cluster_8	35	a.t_motifs_m92_AT1G49480	27	11.23	11.75	12.10	5425	573	4852
cluster_8	27	a.t_motifs_m173_AT2G01940	24	12.10	11.90	12.32	4852	600	4252
cluster_8	24	14	19	12.32	12.92	11.55	4252	2016	2236
cluster_8	19	a.t_motifs_m303_AT3G13810	12	11.55	10.46	11.87	2236	574	1662
cluster_8	12	a.t_motifs_m170_AT2G01570	3	11.87	9.01	12.93	1662	230	1432
cluster_8	3	a.t_motifs_m30_AT1G14580	1	12.93	13.56	12.88	1432	242	1190
cluster_8	1	a.t_motifs_m476_AT5G03150	a.t_motifs_m9_AT1G03840	12.88	12.57	13.31	1190	596	594
cluster_8	14	9	10	12.92	12.95	12.95	2016	1762	254
cluster_8	10	a.t_motifs_m174_AT2G02070	a.t_motifs_m359_AT3G50700	12.95	12.87	13.30	254	160	94
cluster_8	9	a.t_motifs_m109_AT1G55110	4	12.95	12.91	12.93	1762	585	1177
cluster_8	4	a.t_motifs_m175_AT2G02080	a.t_motifs_m613_AT5G66730	12.93	13.31	12.82	1177	591	586
cluster_9	26	21	25	8.18	12.11	8.02	14657	5573	9084
cluster_9	21	a.t_motifs_m417_AT4G18880	20	12.11	11.69	12.11	5573	599	4974
cluster_9	20	a.t_motifs_m551_AT5G43840	17	12.11	12.96	11.78	4974	580	4394
cluster_9	17	10	12	11.78	10.51	11.99	4394	1800	2594
cluster_9	12	7	9	11.99	11.62	12.61	2594	1498	1096
cluster_9	7	a.t_motifs_m240_AT2G41690	3	11.62	9.88	11.93	1498	100	1398
cluster_9	3	a.t_motifs_m87_AT1G46264	1	11.93	13.65	11.71	1398	200	1198
cluster_9	1	a.t_motifs_m285_AT3G09735	a.t_motifs_m322_AT3G22830	11.71	12.78	10.84	1198	598	600
cluster_9	9	a.t_motifs_m274_AT3G02990	a.t_motifs_m400_AT4G11660	12.61	12.02	12.52	1096	508	588
cluster_9	10	a.t_motifs_m330_AT3G24520	4	10.51	10.96	10.01	1800	600	1200
cluster_9	4	a.t_motifs_m513_AT5G16820	a.t_motifs_m595_AT5G62020	10.01	10.24	10.17	1200	600	600
cluster_9	25	a.t_motifs_m549_AT5G42630	24	8.02	8.74	7.91	9084	1000	8084
cluster_9	24	22	23	7.91	8.87	8.89	8084	4490	3594
cluster_9	23	13	19	8.89	8.50	9.01	3594	1799	1795
cluster_9	13	a.t_motifs_m180_AT2G03500	6	8.50	9.28	8.59	1799	600	1199
cluster_9	6	a.t_motifs_m463_AT4G37180	a.t_motifs_m52_AT1G25550	8.59	8.93	8.59	1199	600	599
cluster_9	19	a.t_motifs_m28_AT1G13300	15	9.01	9.18	8.89	1795	596	1199
cluster_9	15	a.t_motifs_m127_AT1G68670	a.t_motifs_m93_AT1G49560	8.89	8.52	8.88	1199	600	599
cluster_9	22	a.t_motifs_m231_AT2G38300	18	8.87	8.51	9.00	4490	600	3890
cluster_9	18	8	16	9.00	10.31	9.12	3890	1392	2498
cluster_9	16	11	14	9.12	10.32	8.82	2498	703	1795
cluster_9	14	a.t_motifs_m236_AT2G40260	5	8.82	9.20	9.13	1795	600	1195
cluster_9	5	a.t_motifs_m277_AT3G04030	a.t_motifs_m554_AT5G45580	9.13	9.00	9.44	1195	598	597
cluster_9	11	a.t_motifs_m169_AT2G01060	a.t_motifs_m299_AT3G12730	10.32	10.08	11.62	703	598	105
cluster_9	8	a.t_motifs_m69_AT1G32240	2	10.31	10.08	10.77	1392	214	1178
cluster_9	2	a.t_motifs_m195_AT2G20400	a.t_motifs_m538_AT5G29000	10.77	11.11	10.61	1178	578	600
